
https://destinytracker.com/destiny-2/db/items/3850168899-martyrs-retribution?perks=1395789926,3525010810,2822142346,3300816228,3523296417,4248210736,2323986101,0,0,2285418970

dimwishlist:item=1121344506&perks=1844523823,2822142346,3300816228,3523296417
dimwishlist:item=1121344506&perks=1441682018,2822142346,3300816228,3523296417
dimwishlist:item=1121344506&perks=332773068,2822142346,3300816228,3523296417
dimwishlist:item=1121344506&perks=1478423395,2822142346,3300816228,3523296417
dimwishlist:item=1121344506&perks=1844523823,3492396210,3300816228,3523296417
dimwishlist:item=1121344506&perks=1441682018,3492396210,3300816228,3523296417
dimwishlist:item=1121344506&perks=332773068,3492396210,3300816228,3523296417
dimwishlist:item=1121344506&perks=1478423395,3492396210,3300816228,3523296417
dimwishlist:item=1121344506&perks=1844523823,2822142346,1631667848,3523296417
dimwishlist:item=1121344506&perks=1441682018,2822142346,1631667848,3523296417
dimwishlist:item=1121344506&perks=332773068,2822142346,1631667848,3523296417
dimwishlist:item=1121344506&perks=1478423395,2822142346,1631667848,3523296417
dimwishlist:item=1121344506&perks=1844523823,3492396210,1631667848,3523296417
dimwishlist:item=1121344506&perks=1441682018,3492396210,1631667848,3523296417
dimwishlist:item=1121344506&perks=332773068,3492396210,1631667848,3523296417
dimwishlist:item=1121344506&perks=1478423395,3492396210,1631667848,3523296417
dimwishlist:item=1121344506&perks=1844523823,2822142346,2869569095,3523296417
dimwishlist:item=1121344506&perks=1441682018,2822142346,2869569095,3523296417
dimwishlist:item=1121344506&perks=332773068,2822142346,2869569095,3523296417
dimwishlist:item=1121344506&perks=1478423395,2822142346,2869569095,3523296417
dimwishlist:item=1121344506&perks=1844523823,3492396210,2869569095,3523296417
dimwishlist:item=1121344506&perks=1441682018,3492396210,2869569095,3523296417
dimwishlist:item=1121344506&perks=332773068,3492396210,2869569095,3523296417
dimwishlist:item=1121344506&perks=1478423395,3492396210,2869569095,3523296417
dimwishlist:item=1121344506&perks=1844523823,2822142346,3300816228,2846385770
dimwishlist:item=1121344506&perks=1441682018,2822142346,3300816228,2846385770
dimwishlist:item=1121344506&perks=332773068,2822142346,3300816228,2846385770
dimwishlist:item=1121344506&perks=1478423395,2822142346,3300816228,2846385770
dimwishlist:item=1121344506&perks=1844523823,3492396210,3300816228,2846385770
dimwishlist:item=1121344506&perks=1441682018,3492396210,3300816228,2846385770
dimwishlist:item=1121344506&perks=332773068,3492396210,3300816228,2846385770
dimwishlist:item=1121344506&perks=1478423395,3492396210,3300816228,2846385770
dimwishlist:item=1121344506&perks=1844523823,2822142346,1631667848,2846385770
dimwishlist:item=1121344506&perks=1441682018,2822142346,1631667848,2846385770
dimwishlist:item=1121344506&perks=332773068,2822142346,1631667848,2846385770
dimwishlist:item=1121344506&perks=1478423395,2822142346,1631667848,2846385770
dimwishlist:item=1121344506&perks=1844523823,3492396210,1631667848,2846385770
dimwishlist:item=1121344506&perks=1441682018,3492396210,1631667848,2846385770
dimwishlist:item=1121344506&perks=332773068,3492396210,1631667848,2846385770
dimwishlist:item=1121344506&perks=1478423395,3492396210,1631667848,2846385770
dimwishlist:item=1121344506&perks=1844523823,2822142346,2869569095,2846385770
dimwishlist:item=1121344506&perks=1441682018,2822142346,2869569095,2846385770
dimwishlist:item=1121344506&perks=332773068,2822142346,2869569095,2846385770
dimwishlist:item=1121344506&perks=1478423395,2822142346,2869569095,2846385770
dimwishlist:item=1121344506&perks=1844523823,3492396210,2869569095,2846385770
dimwishlist:item=1121344506&perks=1441682018,3492396210,2869569095,2846385770
dimwishlist:item=1121344506&perks=332773068,3492396210,2869569095,2846385770
dimwishlist:item=1121344506&perks=1478423395,3492396210,2869569095,2846385770
